12 bytes groups
only the first 7 bytes of each group matter

The following data was extracted from quake3.exe 1.27g

60 80 00 00 
00 00 00 00 
00 00 00 00 

60 00 00 00
00 00 00 00 
00 00 00 00 

60 C0 00 00 
00 00 00 00
00 00 00 00 

E1 00 00 00 
00 20 00 00 
00 00 00 00

60 80 00 00 
00 10 00 00 
00 00 00 00 

E0 80 00 00
00 00 00 00 
00 00 00 00 

E0 C0 00 00 
00 00 00 00
00 00 00 00 

00 00 00 00 
00 10 00 00 
00 00 00 00

40 80 00 00 
00 00 00 00 
00 00 00 00 

20 80 00 00
00 00 00 00 
00 00 00 00 

60 80 00 00 
01 00 00 00
00 00 00 00 

ED 07 00 00 
00 80 00 00 
00 00 00 00

E0 00 00 00 
00 00 00 00 
00 00 00 00 

ED 07 00 00
00 30 00 00 
00 00 00 00 

80 00 00 00 
00 00 00 00
00 00 00 00
 
40 00 00 00 
00 00 00 00 
00 00 00 00

E0 C0 00 00 
00 10 00 00 
00 00 00 00 

60 00 00 00
00 10 00 00 
00 00 00 00 

20 00 00 00 
00 00 00 00
00 00 00 00 

E1 00 00 00 
04 20 00 00 
00 00 00 00

E1 00 C0 01 
20 20 00 00 
00 00 00 00 

E0 C0 00 00
01 00 00 00 
00 00 00 00 

60 40 00 00 
00 00 00 00
00 00 00 00 

40 C0 00 00 
00 00 00 00 
00 00 00 00

60 C0 00 00 
01 00 00 00 
00 00 00 00 

60 C0 00 00
00 10 00 00 
00 00 00 00 

60 80 00 00 
01 00 01 00
00 00 00 00 

60 80 00 00 
00 30 00 00 
00 00 00 00

E0 80 00 00 
00 10 00 00 
00 00 00 00 

20 C0 00 00
00 00 00 00 
00 00 00 00 

60 80 00 00 
00 00 02 00
00 00 00 00 

E0 40 00 00 
00 00 00 00 
00 00 00 00

00 00 00 00 
00 00 00 00 
00 00 00 00 