Longest code length: 11
Largest symbol: 256

code length, code, symbol, code LSB->MSB, code MSB->LSB
2, 2, 0, 01, 10
5, 21, 8, 10101, 10101
5, 27, 1, 11011, 11011
6, 28, 104, 001110, 011100
6, 31, 128, 111110, 011111
6, 32, 195, 000001, 100000
6, 36, 255, 001001, 100100
6, 45, 13, 101101, 101101
6, 55, 32, 111011, 110111
6, 63, 7, 111111, 111111
7, 4, 67, 0010000, 0000100
7, 8, 126, 0001000, 0001000
7, 9, 196, 1001000, 0001001
7, 11, 11, 1101000, 0001011
7, 16, 6, 0000100, 0010000
7, 19, 12, 1100100, 0010011
7, 37, 16, 1010010, 0100101
7, 39, 48, 1110010, 0100111
7, 41, 129, 1001010, 0101001
7, 47, 254, 1111010, 0101111
7, 48, 101, 0000110, 0110000
7, 52, 9, 0010110, 0110100
7, 64, 117, 0000001, 1000000
7, 72, 2, 0001001, 1001000
7, 73, 232, 1001001, 1001001
7, 76, 130, 0011001, 1001100
7, 80, 65, 0000101, 1010000
7, 89, 116, 1001101, 1011001
7, 101, 127, 1010011, 1100101
7, 104, 125, 0001011, 1101000
7, 105, 10, 1001011, 1101001
7, 108, 3, 0011011, 1101100
7, 124, 66, 0011111, 1111100
7, 125, 131, 1011111, 1111101
8, 1, 134, 10000000, 00000001
8, 12, 110, 00110000, 00001100
8, 15, 132, 11110000, 00001111
8, 17, 5, 10001000, 00010001
8, 23, 118, 11101000, 00010111
8, 24, 237, 00011000, 00011000
8, 25, 119, 10011000, 00011001
8, 33, 68, 10000100, 00100001
8, 40, 105, 00010100, 00101000
8, 57, 14, 10011100, 00111001
8, 60, 97, 00111100, 00111100
8, 65, 102, 10000010, 01000001
8, 67, 29, 11000010, 01000011
8, 71, 114, 11100010, 01000111
8, 75, 120, 11010010, 01001011
8, 81, 69, 10001010, 01010001
8, 83, 52, 11001010, 01010011
8, 84, 192, 00101010, 01010100
8, 87, 138, 11101010, 01010111
8, 93, 194, 10111010, 01011101
8, 103, 136, 11100110, 01100111
8, 111, 124, 11110110, 01101111
8, 115, 123, 11001110, 01110011
8, 116, 139, 00101110, 01110100
8, 120, 47, 00011110, 01111000
8, 121, 115, 10011110, 01111001
8, 131, 133, 11000001, 10000011
8, 133, 112, 10100001, 10000101
8, 135, 135, 11100001, 10000111
8, 140, 113, 00110001, 10001100
8, 152, 108, 00011001, 10011000
8, 161, 4, 10000101, 10100001
8, 163, 122, 11000101, 10100011
8, 177, 53, 10001101, 10110001
8, 179, 111, 11001101, 10110011
8, 184, 199, 00011101, 10111000
8, 195, 49, 11000011, 11000011
8, 207, 64, 11110011, 11001111
8, 212, 31, 00101011, 11010100
8, 216, 95, 00011011, 11011000
8, 225, 121, 10000111, 11100001
8, 231, 137, 11100111, 11100111
8, 239, 50, 11110111, 11101111
9, 0, 208, 000000000, 000000000
9, 7, 56, 111000000, 000000111
9, 13, 54, 101100000, 000001101
9, 56, 176, 000111000, 000111000
9, 68, 34, 001000100, 001000100
9, 77, 143, 101100100, 001001101
9, 79, 30, 111100100, 001001111
9, 88, 17, 000110100, 001011000
9, 112, 71, 000011100, 001110000
9, 128, 70, 000000010, 010000000
9, 129, 142, 100000010, 010000001
9, 143, 109, 111100010, 010001111
9, 145, 225, 100010010, 010010001
9, 148, 40, 001010010, 010010100
9, 151, 100, 111010010, 010010111
9, 168, 91, 000101010, 010101000
9, 172, 15, 001101010, 010101100
9, 188, 61, 001111010, 010111100
9, 189, 106, 101111010, 010111101
9, 196, 107, 001000110, 011000100
9, 199, 92, 111000110, 011000111
9, 209, 224, 100010110, 011010001
9, 235, 94, 110101110, 011101011
9, 241, 57, 100011110, 011110001
9, 243, 96, 110011110, 011110011
9, 244, 24, 001011110, 011110100
9, 259, 193, 110000001, 100000011
9, 261, 93, 101000001, 100000101
9, 276, 160, 001010001, 100010100
9, 300, 80, 001101001, 100101100
9, 305, 144, 100011001, 100110001
9, 312, 168, 000111001, 100111000
9, 317, 72, 101111001, 100111101
9, 324, 62, 001000101, 101000100
9, 335, 103, 111100101, 101001111
9, 353, 55, 100001101, 101100001
9, 368, 90, 000011101, 101110000
9, 384, 146, 000000011, 110000000
9, 399, 99, 111100011, 110001111
9, 407, 51, 111010011, 110010111
9, 409, 58, 100110011, 110011001
9, 413, 76, 101110011, 110011101
9, 427, 98, 110101011, 110101011
9, 452, 141, 001000111, 111000100
9, 459, 140, 110100111, 111001011
9, 496, 18, 000011111, 111110000
9, 497, 200, 100011111, 111110001
9, 500, 46, 001011111, 111110100
9, 504, 19, 000111111, 111111000
10, 3, 203, 1100000000, 0000000011
10, 5, 248, 1010000000, 0000000101
10, 20, 43, 0010100000, 0000010100
10, 29, 207, 1011100000, 0000011101
10, 35, 228, 1100010000, 0000100011
10, 43, 148, 1101010000, 0000101011
10, 44, 163, 0011010000, 0000101100
10, 49, 157, 1000110000, 0000110001
10, 51, 42, 1100110000, 0000110011
10, 61, 151, 1011110000, 0000111101
10, 69, 202, 1010001000, 0001000101
10, 97, 169, 1000011000, 0001100001
10, 99, 73, 1100011000, 0001100011
10, 107, 150, 1101011000, 0001101011
10, 113, 229, 1000111000, 0001110001
10, 141, 191, 1011000100, 0010001101
10, 153, 226, 1001100100, 0010011001
10, 157, 81, 1011100100, 0010011101
10, 171, 26, 1101010100, 0010101011
10, 185, 213, 1001110100, 0010111001
10, 193, 221, 1000001100, 0011000001
10, 197, 180, 1010001100, 0011000101
10, 203, 174, 1101001100, 0011001011
10, 205, 173, 1011001100, 0011001101
10, 211, 33, 1100101100, 0011010011
10, 215, 88, 1110101100, 0011010111
10, 221, 210, 1011101100, 0011011101
10, 227, 154, 1100011100, 0011100011
10, 240, 241, 0000111100, 0011110000
10, 248, 223, 0001111100, 0011111000
10, 249, 153, 1001111100, 0011111001
10, 263, 234, 1110000010, 0100000111
10, 269, 212, 1011000010, 0100001101
10, 285, 204, 1011100010, 0100011101
10, 291, 60, 1100010010, 0100100011
10, 299, 156, 1101010010, 0100101011
10, 307, 162, 1100110010, 0100110011
10, 325, 149, 1010001010, 0101000101
10, 333, 175, 1011001010, 0101001101
10, 344, 219, 0001101010, 0101011000
10, 355, 145, 1100011010, 0101100011
10, 363, 82, 1101011010, 0101101011
10, 369, 85, 1000111010, 0101110001
10, 385, 211, 1000000110, 0110000001
10, 397, 25, 1011000110, 0110001101
10, 401, 59, 1000100110, 0110010001
10, 404, 217, 0010100110, 0110010100
10, 424, 251, 0001010110, 0110101000
10, 428, 41, 0011010110, 0110101100
10, 441, 159, 1001110110, 0110111001
10, 444, 187, 0011110110, 0110111100
10, 445, 216, 1011110110, 0110111101
10, 449, 165, 1000001110, 0111000001
10, 453, 205, 1010001110, 0111000101
10, 455, 78, 1110001110, 0111000111
10, 461, 214, 1011001110, 0111001101
10, 465, 167, 1000101110, 0111010001
10, 467, 84, 1100101110, 0111010011
10, 471, 240, 1110101110, 0111010111
10, 477, 20, 1011101110, 0111011101
10, 483, 86, 1100011110, 0111100011
10, 491, 28, 1101011110, 0111101011
10, 499, 63, 1100111110, 0111110011
10, 505, 161, 1001111110, 0111111001
10, 515, 186, 1100000001, 1000000011
10, 517, 238, 1010000001, 1000000101
10, 532, 185, 0010100001, 1000010100
10, 541, 246, 1011100001, 1000011101
10, 547, 236, 1100010001, 1000100011
10, 555, 22, 1101010001, 1000101011
10, 556, 201, 0011010001, 1000101100
10, 561, 233, 1000110001, 1000110001
10, 563, 87, 1100110001, 1000110011
10, 573, 178, 1011110001, 1000111101
10, 581, 155, 1010001001, 1001000101
10, 609, 235, 1000011001, 1001100001
10, 611, 190, 1100011001, 1001100011
10, 619, 172, 1101011001, 1001101011
10, 625, 44, 1000111001, 1001110001
10, 653, 253, 1011000101, 1010001101
10, 665, 183, 1001100101, 1010011001
10, 669, 188, 1011100101, 1010011101
10, 683, 77, 1101010101, 1010101011
10, 697, 252, 1001110101, 1010111001
10, 705, 239, 1000001101, 1011000001
10, 709, 242, 1010001101, 1011000101
10, 715, 89, 1101001101, 1011001011
10, 717, 35, 1011001101, 1011001101
10, 723, 230, 1100101101, 1011010011
10, 727, 74, 1110101101, 1011010111
10, 733, 164, 1011101101, 1011011101
10, 739, 170, 1100011101, 1011100011
10, 752, 45, 0000111101, 1011110000
10, 760, 227, 0001111101, 1011111000
10, 761, 250, 1001111101, 1011111001
10, 768, 243, 0000000011, 1100000000
10, 775, 198, 1110000011, 1100000111
10, 781, 38, 1011000011, 1100001101
10, 797, 166, 1011100011, 1100011101
10, 803, 23, 1100010011, 1100100011
10, 811, 152, 1101010011, 1100101011
10, 819, 79, 1100110011, 1100110011
10, 837, 171, 1010001011, 1101000101
10, 845, 206, 1011001011, 1101001101
10, 856, 249, 0001101011, 1101011000
10, 867, 27, 1100011011, 1101100011
10, 875, 83, 1101011011, 1101101011
10, 881, 75, 1000111011, 1101110001
10, 897, 189, 1000000111, 1110000001
10, 909, 218, 1011000111, 1110001101
10, 913, 231, 1000100111, 1110010001
10, 916, 215, 0010100111, 1110010100
10, 936, 245, 0001010111, 1110101000
10, 940, 181, 0011010111, 1110101100
10, 953, 209, 1001110111, 1110111001
10, 956, 179, 0011110111, 1110111100
10, 957, 220, 1011110111, 1110111101
10, 961, 177, 1000001111, 1111000001
10, 965, 36, 1010001111, 1111000101
10, 967, 197, 1110001111, 1111000111
10, 973, 39, 1011001111, 1111001101
10, 977, 244, 1000101111, 1111010001
10, 979, 184, 1100101111, 1111010011
10, 983, 147, 1110101111, 1111010111
10, 989, 222, 1011101111, 1111011101
10, 995, 182, 1100011111, 1111100011
10, 1003, 158, 1101011111, 1111101011
10, 1011, 21, 1100111111, 1111110011
10, 1017, 37, 1001111111, 1111111001
11, 1280, 247, 00000000101, 10100000000